0.8621612 0.2341191 0.8128434 22.60324
0.909915 0.2366314 0.6885038 12.28039
0.9245838 0.2086457 0.6389752 17.58027
0.800213 0.2235627 0.5616248 23.17346
0.8753453 0.2244007 0.7023527 12.22988
0.8226747 0.2192568 0.6573407 16.03164
0.774952 0.2195760 0.8516806 6.572928
0.9275507 0.2406602 0.4386917 7.925504
0.846813 0.2389416 0.7642902 24.05821
0.8184003 0.2409821 0.2906204 13.01667
0.8836443 0.2256315 0.6084642 16.99101
0.9063224 0.2220281 0.7774831 17.04044
0.9165442 0.2404081 0.7633673 4.158279
0.02102050 0.899739 0.2304568 -18.63062
0.8339462 0.2266663 0.4852105 10.86659
0.909703 0.2413392 0.5577315 29.25524
0.851336 0.2048361 0.3052716 11.13502
0.8018533 0.2214217 0.3825346 20.00497
0.960195 0.2356699 0.744014 7.696816
0.9213172 0.266905 0.594678 12.76121
0.8911756 0.2239870 0.8380937 27.81019
0.8295167 0.2469012 0.2422069 6.920755
0.9064859 0.2371301 0.475647 9.75922
0.8203057 0.2284824 0.5009705 4.161814
0.01888235 0.7727033 0.2549122 -19.40342
0.7630088 0.2405593 0.4373045 20.19206
0.8758626 0.2395132 0.3690063 24.75304
0.931607 0.2258877 0.4945034 23.87483
0.9115553 0.240369 0.8613884 15.81554
0.8779787 0.2425862 0.6408419 16.21770
0.8554232 0.233918 0.7047075 -4.928917
0.9334072 0.2403453 0.8150018 16.55200
0.8835713 0.222052 0.482804 17.26871
0.8938552 0.1950433 0.5969303 21.86527
0.8972229 0.2675461 0.6976859 -0.7805025
0.904044 0.2162297 0.584816 5.280146
0.9033202 0.2453477 0.732735 8.392706
0.8893728 0.2345388 0.6060133 29.54245
0.927888 0.2372295 0.8179464 6.614971
0.8672893 0.2159707 0.6153686 21.41964
0.5883873 0.2117171 0.4661605 20.87725
0.840136 0.2183819 0.3890242 24.3172
0.9705428 0.2277484 0.966596 4.512856
0.8458984 0.2577592 0.6015883 9.05302
0.713373 0.2270964 0.4259969 25.62473
0.862038 0.2475936 0.6198283 16.62237
0.9165848 0.241602 0.7871685 2.927527
0.9332156 0.2347889 0.65568 23.44401
0.955454 0.2056133 0.8499151 18.80341
0.8756266 0.2169148 0.7950012 -1.121328
0.801423 0.2454673 0.5180062 27.61576
0.8531135 0.2325103 0.5105976 18.07029
0.9390947 0.2270800 0.7836555 27.9798
0.9127195 0.2050871 0.8620384 19.82625
0.9375726 0.2308743 0.6479258 25.73018
0.8730305 0.2255428 0.7376375 4.929198
0.914227 0.2504754 0.5019711 26.28546
0.8498183 0.225415 0.636867 8.770139
0.8844257 0.2199108 0.5486671 19.15156
0.1659898 0.8688262 0.245862 -24.62626
0.7467159 0.2113553 0.5922983 11.13243
0.9101898 0.2217476 0.7925177 20.67770
0.7302991 0.2236372 0.4938982 29.00054
0.8085783 0.1890582 0.8280202 7.058515
0.8252389 0.2419533 0.7666286 10.65608
0.8098117 0.2083762 0.775001 5.709944
0.9036978 0.2010859 0.6996815 11.70179
0.6794139 0.2505196 0.2256112 27.40676
0.8419242 0.2227369 0.5475509 22.74535
0.8732286 0.2019415 0.8666149 -0.8743649
0.887895 0.2233787 0.7077437 23.41975
0.7952376 0.2315361 0.6534138 10.46594
0.880513 0.2515639 0.534024 8.309564
0.9253952 0.2594194 0.806107 18.74480
0.9319332 0.2326092 0.8681827 6.560935
0.7129923 0.2356591 0.653788 24.66869
0.8995517 0.2060954 0.6556974 4.319557
0.9101748 0.2358516 0.3657859 15.86236
0.9535352 0.2464213 0.8027855 20.04216
0.8230307 0.2427817 0.7652968 28.37726
0.9414744 0.2333108 0.8956454 12.49157
0.952876 0.2245471 0.688392 24.74048
0.7281175 0.2397502 0.5592739 9.085426
0.882961 0.2334089 0.9326955 17.86239
0.887378 0.2106204 0.6505857 2.802352
0.7649563 0.2474194 0.4673945 6.256092
0.8379718 0.2191444 0.5709592 24.35621
0.8192164 0.2501309 0.6380192 15.26733
0.9162882 0.2185657 0.4993546 15.92862
0.9263256 0.2532482 0.7068798 26.30110
0.8146265 0.2556562 0.3223477 20.79745
0.9348488 0.2093359 0.9616284 17.88037
0.8492148 0.2380517 0.7065966 1.123259
0.8495789 0.221495 0.7986549 3.681108
0.8836835 0.2336105 0.674494 28.61134
0.8903743 0.2268705 0.5324081 24.75120
0.780312 0.2177318 0.5059953 29.67162
0.8371158 0.2169038 0.4827607 0.4862784
0.8245545 0.2153899 0.6485028 17.60905
0.8724527 0.2373741 0.7770754 18.35147
0.737945 0.2344288 0.753801 0.2838189
0.8544117 0.1989939 0.755462 16.54531
0.9195582 0.232885 0.9189697 27.78370
0.9061686 0.2243831 0.869687 16.46975
0.7502962 0.2370045 0.4059423 27.94765
0.8710634 0.2437862 0.764998 23.09206
0.6960416 0.1964140 0.5491945 11.54077
0.9511737 0.2293393 0.5167401 14.65841
0.9354479 0.2154586 0.6914387 -1.016846
0.9343958 0.2356531 0.7539864 3.537061
0.5975745 0.2270834 0.4362774 6.239327
0.9452701 0.2495131 0.6202403 3.144945
0.820639 0.2287581 0.580083 9.676844
0.749846 0.2563651 0.4033631 26.32498
0.8509028 0.2176886 0.6336756 10.17900
0.897838 0.2498128 0.6351513 25.42006
0.887084 0.2171976 0.6584055 16.09821
0.926089 0.2404647 0.6435648 4.607118
0.8867745 0.2291944 0.5947412 29.50898
0.8869055 0.2241009 0.7835712 22.14586
