-1.7903972 -0.6121639 1.6691335 -2.5659317 -1.5779788 -0.1415369 1.3760129 -0.3363314 1.5376523 -0.8786531 -0.2373314 -0.3159481 2.9093448 -2.2429516 -2.1088541 -2.0929010 0.1967634 -0.4488882 0.0242830 -2.3187699 5.1924954 -6.6611820 -4.5086596 -0.3455650 1.8034458 0.1102650 -3.5040344 -2.5121523 -3.4157958 0.8174452 0.3484977 0.2903443 -0.4586900 -1.8574948 0.2415157 -2.7698256 1.7689501 1.1097948 2.0201742 0.0986771 -2.3031976 -2.4311615 -0.3745870 2.0676423 -1.8561407 -0.5726015 -0.4604769 1.3495060 1.9345036 0.2190365
0.3623565 -1.7759424 0.6350495 3.3434767 1.4998874 -0.5156404 -0.9959306 0.2847508 2.4181184 1.6599840 2.1670410 1.6227537 1.7191514 0.6642055 0.9705136 0.2809630 1.4474759 -0.2291145 0.0555455 0.7246166 -0.8252729 3.0664786 0.1264661 -1.5834881 1.2068808 -4.2747541 1.1562038 1.8385124 0.8417847 0.1802184 -0.0622072 1.6067429 2.9315514 -0.8617708 -3.2110945 2.4529438 1.4182395 -1.7916108 -2.1228124 -1.9978501 1.3025972 0.7233480 -1.8446351 -3.7646858 1.1297001 2.0126729 0.7382648 -0.6722114 -0.4685619 -2.1003275
-3.8510969 -0.2547822 0.6074127 1.5792633 1.4765779 -2.4776750 0.0983178 0.3513941 1.0417250 2.2434913 0.3972799 1.9659375 -3.4544679 0.3733762 -0.9792100 3.1843810 0.0160527 0.8320227 -0.6029791 0.9896808 4.8140638 0.5779874 -4.0915633 2.1205313 -0.2558691 -1.4700916 2.8120232 1.2911536 3.7763992 1.1446008 0.0640732 2.5193496 -0.1876214 0.4180137 0.2237566 -1.4900219 -3.3538884 1.0691278 0.0785198 0.2429151 2.7064825 3.1888555 0.7652716 0.5510131 4.4824509 0.1960249 0.2856791 -1.8245966 -0.5971656 0.2757252
-0.3391307 -2.7940517 0.5610662 0.3260127 -0.7351840 1.4254900 -1.9873252 0.8093423 -0.9172267 -3.2232665 -0.5358118 -0.1419952 -4.1809288 1.8617897 0.4248720 -0.6433958 1.3299377 1.8414621 -0.6573246 -1.4740787 0.0594721 -3.8608223 -1.0265004 3.0814890 -1.2533955 5.0267915 -2.8486641 -3.6519699 0.4090488 4.0843719 -1.7162585 -0.4044680 4.3762937 -4.3751969 -2.2057601 1.4468401 0.0213669 4.8705108 3.8345534 5.3945704 -0.1189820 1.0445982 3.5437671 3.8058379 -1.1454946 -0.8692605 1.5858967 2.3822428 -0.0185757 -0.5466548
-2.9188867 -0.6506156 1.3648304 1.5838060 1.1082871 -0.7845975 -1.4212024 0.1298232 -0.7989462 -2.7893043 0.2750325 0.4351167 1.7328077 2.3783442 -1.4011730 -1.4259175 0.7342446 0.8698759 -1.8906829 0.2036300 -9.8055948 -0.7270175 5.2684388 0.0138883 0.9823298 4.0613817 -4.2059272 -1.5113741 -3.4587351 2.9860909 1.7361021 0.2695603 1.0789115 -0.2835715 0.4653584 1.3922123 -0.6322000 5.0696765 3.4012346 2.3228701 -3.9758941 -2.6301014 1.9406221 4.6526084 -4.5150043 -0.6719756 -0.4420608 -0.5643858 -3.9781910 0.7066242
-2.3328151 -2.8201493 0.6260261 1.2573008 0.3068438 0.5215627 -1.9042618 0.0684317 0.6261201 2.4196358 1.0748454 -1.6305152 3.4769880 2.7689693 -2.5187976 0.1897285 2.3176120 1.7965215 0.3237998 0.2010291 -1.0414042 1.2483459 -0.0426765 -1.3176244 3.4104762 -1.4215405 1.9487885 1.9910055 1.9431015 -0.7330330 -0.5780525 3.5204800 0.5993128 -2.9181107 -1.8813246 0.1262544 0.2106920 -0.4699272 -0.7449121 -0.1382888 1.7980171 2.0915536 0.3181793 -1.9308004 3.3371199 -2.1954620 -0.4173666 5.1637785 -1.5239580 0.4732433
-3.3423325 -1.9148207 0.6786666 -1.3306486 0.8579653 0.0874949 -2.4492495 -0.3558032 -0.2823101 3.7060573 -0.2954665 1.0136690 2.3093596 0.8521374 -2.4826493 0.1227400 1.7248663 -0.2800528 -0.0846076 -0.5717832 4.8621463 2.5501135 -2.4369641 0.1871408 2.8890515 -4.8202064 1.6391128 4.8929455 3.1858556 -2.1397796 -0.0850970 1.8703756 -0.6780522 -0.4620556 1.1220828 1.7169396 0.6535267 -5.3628278 -1.7334748 -3.4747132 2.0554918 -0.7574099 -2.0165420 -3.2958681 0.6478148 -2.8993894 -2.4690238 6.2578349 -3.2967338 -0.7997857
-0.1058322 -2.6138134 -1.0376919 1.1927475 0.2837733 -0.1609325 -0.0473228 4.0122875 1.4727668 1.4362266 1.7620501 2.1934593 -1.2343884 1.3871841 0.1607852 0.8407599 0.1168767 1.9618284 -1.0726927 -1.1276098 7.1870455 -2.3235837 -4.2542813 -0.7612468 1.0893994 -1.9018376 1.0037908 1.4525038 4.5224418 1.7888136 0.8498959 1.4016088 -0.3815922 -2.2321386 2.3768747 -0.3803292 1.0368047 -2.3154642 -0.9945875 -0.9941634 2.3961881 5.4679594 -0.3761479 -2.3982385 3.4234265 -2.4196201 -1.8288525 2.7528598 -2.1529746 0.6191772
-0.8847387 1.1304537 -0.2413515 0.9344196 -1.7172525 0.4098708 1.2249296 1.1213141 -3.2139969 -3.9484582 1.5038801 -0.3058737 -1.8515152 -0.6778046 0.1666651 -1.1191799 0.3652682 -0.0437688 -1.2108206 0.1419500 0.9760472 2.2159994 -0.5073537 3.8459818 0.4775282 5.7549775 -1.7699556 -4.9925275 -0.0391508 1.2775435 0.5573307 0.7794492 -2.2301816 1.2081780 0.9838278 -0.3012175 -5.5241035 2.2331227 1.6559967 0.2562485 1.0357568 2.1510270 4.0944347 1.5751568 -0.2395571 0.0955022 -0.2896001 1.9488026 1.5365576 1.4146587
2.6294534 -0.7849955 -0.7060747 -0.7319174 0.0142393 -0.3527747 -1.9050635 0.3597970 -3.0760232 0.5575640 -0.0256742 -0.2779534 0.7850247 1.0148718 0.0213566 0.3114437 -0.0867220 1.1215883 0.6763320 -1.1834146 -5.6378557 2.5732409 2.4133306 -0.8990070 0.0158080 5.6655285 -1.9911602 -0.1230329 -3.0595175 1.5848774 -1.8248199 -1.4584531 1.8233194 1.8762382 -0.9050555 3.6268706 -1.8480102 1.8136388 3.1691007 1.8052409 -1.7081932 0.1911453 0.6279429 2.3257691 -2.9474341 -0.2910128 2.3613508 -0.3370422 0.7603053 -1.6830338
0.0696424 2.2059747 -1.4083942 -3.5148791 -0.4310334 -0.6868158 1.1341168 -1.2857911 -1.3223089 3.0569150 -0.2794571 -0.5063293 -0.0113516 -0.4571612 -1.2830157 -2.6742277 2.1572878 -0.3834607 0.0722338 -0.5375047 1.2808909 0.9423495 -0.0181120 0.7968836 1.5449339 -0.7637956 -1.0038863 0.0137941 -0.3788327 -2.1434722 -1.3144278 -1.9303540 -0.3462330 0.5078702 0.7743381 0.3536865 -0.7598116 1.3648440 -0.9313637 -0.9397791 2.5597137 -1.6832645 -0.6891562 -0.3132216 0.1586271 -2.3664118 -2.6736445 2.5215347 -1.9381144 -1.5441674
1.5814833 0.6937941 -0.6921989 0.6108871 -1.4788262 0.2902182 2.9503146 -1.6140351 4.3940513 0.8160237 0.3042258 -1.1641707 1.0746068 -1.3365603 0.4608104 0.3846685 -1.0246967 0.5367203 0.3732131 1.0617220 3.1680728 -3.4814245 -3.0230800 -1.8379336 3.0505561 -0.9837655 -0.1497515 -0.0553460 -1.7170435 -4.3529453 -2.7942066 -1.8890835 1.5701694 1.5723765 -1.0863167 2.6546254 -1.2650713 -0.0118713 -1.2580426 0.9741724 -1.3447779 -1.7025650 -1.8822452 -1.3242562 -0.7764359 0.4378718 1.2715757 1.0564626 2.3219703 0.2443417
-0.2936793 1.7102202 0.2420224 0.2406227 0.5103755 0.9068595 -0.5018840 -1.1646118 1.0158129 2.0486938 1.2315475 1.7014887 0.5687095 -0.2436520 1.6706677 -1.3389929 -0.9682333 1.1288418 1.3882092 -0.0524464 2.1355165 -0.2563518 -2.2353729 1.2074149 -1.7599511 -4.2510857 0.3453393 -0.7978679 0.3666190 -2.6862742 -1.1231431 -1.0923918 0.8533285 1.2924501 -0.5162836 -0.0329436 0.4449933 -2.8435269 -1.3164629 -2.4425159 0.3957177 -1.8680464 -0.7711714 -2.0515946 0.4881132 0.9397707 1.5671471 -3.2221551 1.9807473 -0.4672684
1.5522198 -0.4607562 1.5174683 1.3924114 -0.4712012 0.0793734 -0.9835437 -0.3280245 0.8792460 0.7909864 -0.0967955 0.2058351 -0.4860695 0.4110794 1.5926224 -2.0799943 1.0961471 -1.1747444 0.8257995 -0.0147594 5.3796599 -1.6106346 -3.0406840 0.1589097 -1.2495059 1.1472130 1.5680836 1.5317291 2.8201916 -0.2886401 1.6368400 0.5948842 -0.1713950 -0.5108945 1.1566780 -1.3054296 0.6350201 2.2482509 -0.1827024 1.3496654 0.5650305 0.9490557 0.9486280 0.6339663 1.5788175 3.8563658 -0.1420081 -0.9347524 -0.8079606 1.0728552
0.8813376 0.3179159 -0.8592353 1.3816633 0.1558483 -1.5987237 -1.9974251 0.2599990 -0.7526380 0.1353646 -0.4682878 -0.3887452 1.3575859 1.3795383 -1.5184969 1.9327573 0.2300384 -0.0656140 0.8229026 -1.2587540 -0.2179221 -0.5693546 1.3193933 -3.6993862 2.9509594 -1.5981455 2.4601235 0.3099056 1.4294258 2.7314328 -0.9649915 1.0479180 -0.2456324 -0.0795261 -3.6214420 2.4203081 1.4057034 -0.0431108 0.7026196 0.7467572 -0.1409257 -1.6015934 -0.7459081 0.9476463 -0.8198612 1.2735526 -1.1507521 -0.9662372 -0.6135431 -0.8103969
0.5170585 -0.0091468 0.6179994 -1.1186123 -0.7386062 -0.4784640 0.9635884 -0.0798274 -0.3737522 -0.5458058 -0.1952007 -0.4486569 -2.6702520 -1.9822409 -1.4826975 -0.3412468 0.3657534 -1.1204979 -3.7113774 -0.5840119 0.6043027 0.9005639 -1.2086437 0.9149688 -0.7481725 -1.3611449 -1.7250781 0.6664815 1.1202202 -1.4748897 -2.6939045 -1.2599541 -0.8621729 1.0331917 -0.8508675 0.1644065 0.3617763 -2.4827327 0.3439172 -1.2513120 0.9304819 0.6864237 -2.7864255 -1.4855625 1.4510729 -2.4874440 -2.5873640 2.7620977 -1.9546142 0.6553613
-1.0182463 0.5037085 0.6957675 0.5771229 0.5636392 -0.0850560 -1.5395823 1.0003821 0.7027809 -0.7709626 -0.5798674 0.5683443 1.1895614 1.2298762 1.7175373 5.2607204 -0.7927779 -0.0392922 -0.8852023 1.5236165 -2.3516349 -0.6200175 0.5971151 0.8794501 -2.4394178 1.4871013 -0.2996022 -0.2078361 -1.1606802 0.3358027 0.1475673 -2.1143350 1.3472397 -0.0453449 -0.8301242 2.8052362 1.1876142 1.6762769 0.4903936 1.0763175 -2.1064934 -2.5828766 1.1144722 0.8572122 -4.5228652 0.2203373 1.1450039 -0.0393566 2.0908074 -4.3792761
0.4126784 -1.3413267 -0.9204562 1.1173105 -0.2130741 -0.7294620 -2.4980642 0.6958577 -1.3432423 -1.3481498 0.8300581 1.4384741 -6.9030052 -0.2828072 -1.1155154 1.0111156 -0.9042140 1.0070138 -3.2644359 0.3803253 0.3864015 0.9101732 0.5922591 3.4714468 -5.2229088 0.0029713 1.1710616 1.4135360 1.4395575 0.0597963 2.2387320 0.9793741 -1.1616785 -1.6619798 2.1213183 0.7907364 -1.2007328 -0.6547137 -2.3249651 -2.2160794 1.9540219 0.3084521 0.7044662 -2.1454617 3.2549568 -0.0254330 -1.4628967 -1.8528140 -1.4921412 1.0780895
-0.2976276 0.9029935 -1.0321541 -0.5496788 -0.7372060 1.5182105 1.9240773 -1.3177648 -1.1736024 -5.2424815 -0.0107631 -0.0398995 -1.8099426 -0.8064691 1.1767453 -0.1556822 1.7720972 0.5240095 -2.0154987 0.4633827 -6.3364499 -2.0335603 5.2357777 5.0950209 -3.3557117 9.6371395 -3.3752878 -7.0687018 -5.7693179 3.7412854 -1.4397868 -2.7859827 -0.7156369 -0.2088087 -0.1050824 0.3209525 -2.5260018 9.8900987 7.2688976 4.7388268 -3.3954130 0.2244359 4.3050363 5.9592739 -3.6298458 -0.3620850 -3.5467195 2.8917916 -2.9682287 0.1085161
1.3499978 0.9528700 -0.1309795 0.6608271 1.4131406 0.1744875 -0.2019165 0.0334506 1.4353791 -1.1521115 0.4060623 -0.8157822 0.1723170 -0.2591469 1.1153122 2.0222067 -0.5650028 0.3013226 1.3047828 0.1581731 -5.5164784 0.8259148 4.2616958 -1.5677645 0.4558177 0.7541844 -1.7079408 -1.9269026 -2.5272813 -1.2783299 -1.2301891 0.3857569 -0.5755930 2.7542981 2.0941635 -4.1577962 -0.3815680 0.7314560 2.2148736 1.2003383 -2.1587539 0.2693688 0.6147488 1.7907992 -1.5160362 -0.8895082 1.3468091 -2.6951217 2.3610631 -1.1742112
1.9766471 0.1485411 -1.2102868 -1.0409150 1.3071976 -0.6014548 -1.1745758 -0.3894747 0.0175709 0.9439407 -0.5447249 -1.0503764 -0.8429291 0.1884362 -0.5745990 -2.5404030 0.0723953 1.0259148 1.3827901 -0.5622930 -2.3210138 2.6455497 -0.1855970 0.4609856 -1.5163592 -1.6352817 0.6529270 1.0004007 -1.2766937 -1.1501864 -0.8075618 0.8254837 -1.1900549 -0.4777398 0.3014155 -2.1215045 1.5353859 -1.0538816 -1.5873771 -0.9766457 -2.1023158 1.0400028 -1.4450040 -1.4506584 -0.5263517 2.4019882 -0.9477540 -0.7305394 -0.9214638 0.3814599
-0.1152389 3.9507643 0.7147672 -1.6682604 -1.3303680 0.3276959 1.2438504 0.1344576 0.7539194 -1.1790874 -0.6159326 -0.3766225 1.7522506 -0.8088990 -0.8080016 -1.3253116 0.2972222 -0.4480557 0.2167144 -0.3349695 0.1503143 -1.3509495 2.0366892 -2.8646317 2.9958803 -0.5436134 -0.8394346 -2.1721105 -3.6978354 -2.5416887 0.3955360 -0.1239228 -1.8612433 -0.1030760 -1.3006518 -2.1988924 -1.1182390 1.3899794 0.5393954 -2.6105601 -1.2384328 -1.3909828 -1.2452413 0.4302083 0.4846523 0.3817186 -2.0398099 0.6136854 -0.2912520 -0.4825150
1.9856972 -0.1038468 1.1850637 -0.0876504 1.2335323 0.7123872 -2.4889283 1.0618701 0.4526168 0.3695240 -0.1296339 1.2857996 1.6677085 0.7432947 2.7710715 0.5787153 -1.0802277 0.8170466 -0.7851165 0.1797461 -1.3073669 1.6178708 1.7404516 -1.4248085 2.4984516 -3.0397806 1.9682233 2.3889737 0.3093707 -0.6929828 -0.2355218 -0.3266242 0.4204676 1.3060635 -1.1089432 1.0250802 2.6816935 -0.9449275 -2.1596380 -0.2526327 2.1885848 0.8500729 -2.0855442 -0.9442677 1.9179196 -0.4221771 1.5355990 0.1418465 0.7852015 -0.9866291
-1.6372554 1.5652234 1.4472009 -0.8932536 -0.5648772 -0.5853381 -1.5415082 0.5400913 -1.7852303 0.2909473 0.0809293 -1.5126723 -0.5728889 0.4749580 -0.7901142 0.4139415 -0.3070084 -2.2324332 -0.4071978 -0.6990897 2.8578682 1.6974227 -0.8469570 3.4112860 -0.0385813 -0.3731242 3.4747768 0.2968618 1.0276465 -0.1912893 2.8760817 1.0997468 0.0055983 -2.0372522 -1.0120432 -0.6858567 1.5160401 -1.2150529 0.8902991 -1.1634876 1.9951484 1.9709360 -0.6786163 -0.8029978 3.6469999 2.1686009 -0.5251424 -2.7378150 -4.2266529 3.4140816
-1.0117640 -3.5242808 -1.7354895 1.0747870 1.6935971 0.3009611 -1.9009071 -0.5918809 -0.5143603 0.5116979 0.7573783 -0.5223687 1.0139464 2.2696188 0.3035495 2.0297750 -1.3626180 -0.2069219 0.6003328 -0.5218646 -0.7258278 0.4848937 0.7706108 -2.6340468 -1.8876228 -1.2399962 -0.5781684 0.6495682 -0.8749279 1.3126550 -0.1856869 -0.2084599 2.8540647 -0.2791663 -0.9079268 1.1398497 3.0377073 -0.4388166 -0.1376163 -0.8339285 -2.2849051 -1.5298409 -1.8165026 -1.6478683 -2.7699574 0.3282557 -0.0002989 -0.1990604 -2.0077404 1.1302933
-1.8643382 0.4213775 0.1687733 -1.0383388 -0.8186720 0.6957883 0.5043063 -2.2121847 1.5542006 0.4718586 -0.1842527 -1.0446904 -1.9956351 -2.0953643 -1.6037627 -0.6468883 -0.9161536 0.9963519 -3.8859867 -0.4956257 2.4507724 3.7917492 -1.4196446 2.7682910 -0.8120806 -0.0907485 1.1186470 -0.9763117 -1.1785260 -2.4386497 0.1942503 -0.9170252 -2.1987698 -2.0776042 4.1769648 -3.7166792 -1.4769256 -2.5899330 -1.7774881 -1.6984105 0.2114533 -0.7183601 0.0781309 -1.9690593 0.1512293 -0.4387724 -3.0081610 1.4211655 1.1173977 1.4018829
-2.7880340 -1.8930765 -2.3298314 2.4072728 0.4196372 0.8102269 0.8273944 -0.1169246 1.9811822 1.5959464 -1.4844298 0.2285322 1.4455586 -1.7924054 1.6931032 0.0603093 2.4474245 1.6624088 0.0775577 0.2608001 -0.4192474 -4.2036727 0.4893365 3.1452002 -2.5774679 0.0778814 -1.4048529 -0.4471638 -3.3000494 0.3559699 -0.5534816 1.0732626 -0.9759455 0.6369776 0.2912075 0.6456102 3.4014759 0.4140968 1.8370246 2.5458437 -1.0111844 -1.5586367 -0.5839002 0.7264479 -2.8484410 -1.9783954 -0.1959907 0.8234725 -0.4681323 -1.9045716
0.8103144 -1.6365867 -0.1262454 -0.4195017 -0.9083729 0.7275528 3.4637022 0.7099081 -1.6526967 -1.0329351 -0.8054278 -1.1838130 -0.9333510 -2.1753613 3.2807772 -0.6937085 0.1812189 1.1208269 0.6510899 1.0007080 3.3415671 -2.2493618 -1.7903188 -0.8356091 2.5716006 -1.0795355 -1.0619882 -0.1116532 -2.1170366 -2.7081793 -1.5120902 0.1286665 -4.7321523 1.9729800 3.5518536 -3.2173538 0.9804818 -0.8177662 -1.7255403 -1.1389110 1.5143330 -0.0582066 -1.5443202 -1.0967707 2.3179109 2.0852419 -0.8117342 -2.8376582 0.8416934 -0.3956337
-0.9733808 0.4781243 0.1208070 -0.6649724 -0.8306303 0.7953330 -2.1169940 -2.5385664 0.5015076 -2.4958545 1.5721727 -0.3121169 1.6323469 1.2587267 1.4891884 -1.3536704 -0.7387143 -0.0363824 2.9960807 1.1232912 -2.9029916 -1.3156053 2.3214050 -0.2301859 1.9195893 1.8101257 -2.5094668 -0.9105182 -2.1331307 0.4143934 -0.3913490 -0.6506120 -1.1488835 1.0035372 0.1411291 0.3868187 2.2214460 1.1635738 -1.6541221 0.0997137 -2.7114514 -1.3228225 -0.0048399 -0.9073121 -3.0194236 4.7507766 3.8103238 -3.7805113 3.7005728 1.2888709
-0.6091994 -0.1538347 0.8580006 0.8174146 0.3550584 -1.0964471 -1.3942165 0.0596445 2.3685607 4.6983768 0.3510518 0.8414059 1.7579134 0.9381179 -1.5065503 -2.2255702 -0.5257431 -0.6384896 3.2061743 0.4124131 1.3121743 0.1255837 -2.6155136 -3.0197031 2.2961152 -4.1441250 2.1620960 2.3326038 1.5590234 -0.8301316 -0.4595093 -0.0728750 -0.0933559 -0.2446586 0.1305048 0.3041646 2.2271530 -2.7541350 -3.4741235 -1.8302730 2.0199074 0.5876574 -1.9622800 -3.3885491 0.3071143 1.2360728 -0.5256975 -0.4207473 -2.8792802 1.8483729
